0.04772727272727273
0.4004181913225301
0.5423100679431748
0.512753433616743
0
0.020266357845975635
0.3342786246012053
0.24841695080370185
0.12829629629629624
0.2921452964917728
0.48359281437125745
0.2708661417322835
0.2271944922547332
0.3305613305613305
0.10707803992740472
0.2980608091932009
0.1267467516548173
0.034782608695652195
0.5363321799307958
0.11652493679613884
0.07431102362204722
0.022031823745410017
0.06398104265402849
0.7027509824937478
0.02910052910052907
0.2672750977835724
0.00540175557056044
0.09421551557361196
0.07989821882951653
0.1148479427549195
0.015492253873063522
0.07648026315789469
0.05594405594405594
0.10711175616836
0.04800000000000004
0.06171574903969268
0.009358914365933502
0.08049886621315194
0.6062277002919234
0.2734334541688245
0.18175372252422595
0.03956834532374098
0.008409014463504838
0.01520467836257311
0.1966239449828071
0.0727824109173616
0.026622793897696728
0.17517328292375556
0.16548733165943852
0.027918106886466343
0.06621226874391428
0
0.04379232505643338
0.020928116469517755
0.0016694490818029983
0.2882859379076441
0.018094089264173663
0.011825785982117143
0.3057080131723381
0.008042895442359255
0.022499999999999964
0.39199646252487286
0.07823883433639534
0.012345679012345734
0.24421437271619972
0.00946870068385064
0.21465629053177693
0.04761904761904767
0.24301869374567275
0.17990026850786345
0.020586946999561984
0.5177055896985661
0.2649572649572649
0.21566861773975687
0.07029812292970183
0.3523225241016652
0.03727246460560529
0
0.27593360995850624
0.029231815091774305
0.6847436167967926
0.13915364086923365
0.3738717339667459
0.1945511701012923
0.003079291762894565
0.7605943863511282
0.014351475764960764
1.0666381888082017
0.5501755682868231
0.10803571428571423
0.2445492044784915
0.18659841786877618
0
0.4410377358490566
0.2028985507246377
0.020198974977389206
0.5846514352665495
0.6932038834951456
0.25831622176591373
0.022068368671570804
1.0848343986054618
0.2008676789587852
0.0028985507246376274
0.3930635838150289
0.6974674880219027
0.6260162601626016
0.10467222021006883
0.29996929689898677
0.23533149756407545
0.7733109994416527
0.12060778727445398
0.3501827040194885
0.4173134328358209
0.2298624754420432
0.05442804428044279
0.19220999153259954
0.3012875536480687
0.1268264172998247
0.3199052132701422
0.31104528142192134
0.22960604854755273
0.4731481481481481
1.189297542269479
0.25170998632010944
0.04676056338028167
0.08270676691729328
0.036743923120406974
0
0.4321868916288124
0.7275541795665634
0.09953800923981515
0.781434337162372
0.6619229434224227
0.4452954048140044
0.03296703296703296
0.1016311166875784
0.09171861086375777
0.33526850507982586
0.26202158979391565
0.28057553956834536
0.0029325513196480912
0.0024038461538461453
0.0494505494505495
0.24866105585309872
0.050057537399309515
0.02218198279764594
0.14445399828030958
0.11472982975573653
0.08865468071915683
0.11592632719393281
0.5436067464321752
0.1674263141902157
0.04806201550387601
0.09433962264150941
0.32340705058024966
0.012686567164179152
0.005880318228986492
0.016695957820738183
0.3351126927639383
0.13424657534246576
0.8695652173913043
0.43021346469622335
0.008204791598293348
0.16463414634146345
0.4177794734834033
1.1681222707423582
0.06895611883346964
-0.051314781720704694
0.693499494779387
0.2906029331884845
0.1646390916463909
0.004761904761904745
0.5436332767402376
0
0.663375224416517
0.2621595330739299
0.060336906584992356
0.15275994865211806
0.09798657718120807
-0.09366901147723072
0.1071618037135279
0.8058333333333334
0.06556941863551902
-0.001515917129863542
